1 0
4 0
8 1
11 1
14 0
17 1
21 1
24 0
27 0
30 0
34 1
37 1
40 1
43 1
47 0
50 0
53 1
56 1
60 0
63 0
66 1
69 0
73 1
76 0
79 1
82 1
86 0
89 1
92 0
95 1
99 1
102 1
105 1
108 1
112 1
115 0
1_1 0
1_2 0
4_1 0
4_2 0
4_3 0
8_1 1
8_2 1
11_1 1
11_2 1
14_1 0
14_2 0
17_1 1
17_2 1
17_3 1
21_1 1
21_2 1
24_1 0
24_2 0
27_1 0
27_2 0
30_1 0
30_2 0
30_3 0
34_1 1
34_2 1
37_1 1
37_2 1
40_1 1
40_2 1
43_1 1
43_2 1
43_3 1
47_1 0
47_2 0
50_1 0
50_2 0
53_1 1
53_2 1
56_1 1
56_2 1
56_3 1
60_1 0
60_2 0
63_1 0
63_2 0
66_1 1
66_2 1
69_1 0
69_2 0
69_3 0
73_1 1
73_2 1
76_1 0
76_2 0
79_1 1
79_2 1
82_1 1
82_2 1
82_3 1
86_1 0
86_2 0
89_1 1
89_2 1
92_1 0
92_2 0
95_1 1
95_2 1
95_3 1
99_1 1
99_2 1
102_1 1
102_2 1
105_1 1
105_2 1
108_1 1
108_2 1
108_3 1
112_1 1
112_2 1
115_1 0
115_2 0
118 1
119 1
122 0
123 0
126 1
127 1
130 0
131 0
134 1
135 0
138 1
139 1
142 1
143 0
146 0
147 0
150 0
151 0
154 1
159 1
162 1
165 1
168 0
171 1
174 0
177 1
180 1
119_1 1
119_2 1
123_1 0
123_2 0
127_1 1
127_2 1
131_1 0
131_2 0
135_1 0
135_2 0
139_1 1
139_2 1
143_1 0
143_2 0
147_1 0
147_2 0
151_1 0
151_2 0
157 0
158 0
183 0
184 1
185 0
186 0
187 1
188 0
189 1
190 0
191 0
192 0
193 1
194 1
195 0
196 0
197 0
198 1
154_1 1
154_2 1
159_1 1
159_2 1
162_1 1
162_2 1
165_1 1
165_2 1
168_1 0
168_2 0
171_1 1
171_2 1
174_1 0
174_2 0
177_1 1
177_2 1
180_1 1
180_2 1
199 0
199_1 0
199_2 0
199_3 0
203 1
213 1
223 1
203_1 1
203_2 1
203_3 1
203_4 1
203_5 1
203_6 1
203_7 1
203_8 1
203_9 1
213_1 1
213_2 1
213_3 1
213_4 1
213_5 1
213_6 1
213_7 1
213_8 1
213_9 1
224 0
227 0
230 0
233 0
236 1
239 0
242 1
243 1
246 0
247 0
250 1
251 0
254 0
255 1
256 1
257 1
258 0
259 0
224_1 0
224_2 0
227_1 0
227_2 0
230_1 0
230_2 0
233_1 0
233_2 0
236_1 1
236_2 1
239_1 0
239_2 0
243_1 1
243_2 1
247_1 0
247_2 0
251_1 0
251_2 0
260 1
263 1
264 1
267 1
270 1
273 0
276 1
279 0
282 1
285 1
288 1
289 1
290 1
291 1
292 1
293 0
294 1
295 1
300 0
301 0
302 0
303 0
304 0
305 0
306 1
307 0
308 0
260_1 1
260_2 1
264_1 1
264_2 1
267_1 1
267_2 1
270_1 1
270_2 1
273_1 0
273_2 0
276_1 1
276_2 1
279_1 0
279_2 0
282_1 1
282_2 1
285_1 1
285_2 1
296 0
296_1 0
296_2 0
296_3 0
309 1
319 1
329 1
309_1 1
309_2 1
309_3 1
309_4 1
309_5 1
309_6 1
309_7 1
309_8 1
309_9 1
319_1 1
319_2 1
319_3 1
319_4 1
319_5 1
319_6 1
319_7 1
319_8 1
319_9 1
330 0
331 0
332 0
333 0
334 0
335 1
336 0
337 0
338 0
339 1
340 1
341 0
342 1
343 0
344 0
345 1
346 0
347 0
348 1
349 1
350 1
351 1
352 1
353 1
354 0
355 1
356 1
357 0
357_1 0
357_2 0
360 1
370 1
360_1 1
360_2 1
360_3 1
360_4 1
360_5 1
360_6 1
360_7 1
360_8 1
360_9 1
371 1
372 1
373 0
374 0
375 0
376 0
377 1
378 0
379 1
380 1
381 1
386 1
393 1
399 1
404 1
407 0
411 1
414 1
415 0
381_1 1
381_2 1
381_3 1
381_4 1
386_1 1
386_2 1
386_3 1
386_4 1
386_5 1
386_6 1
393_1 1
393_2 1
393_3 1
393_4 1
393_5 1
399_1 1
399_2 1
399_3 1
399_4 1
404_1 1
404_2 1
407_1 0
407_2 0
407_3 0
411_1 1
411_2 1
416 0
417 0
418 0
419 1
420 0
421 1
422 1
425 1
428 0
429 1
422_1 1
422_2 1
425_1 1
425_2 1
430 0
431 1
432 0
